0.0
0.0
0.0
0.0
0.0
0.0
0.0
0.0
0.0
0.0
0.0
0.0
0.0
0.0
0.0
0.0
0.0
0.0348999984562
-0.0348999500275
0.0
0.0
0.0
0.0
0.0
0.0
0.0
0.0
0.0
0.0
0.0
0.0
0.0
0.0
0.0
0.0
0.0
0.0
0.0
0.0
0.0
0.0
0.733333
0.0
0.030722
1.29167
0.0720561
0.016832
0.015382
-0.0475121
-0.266959
1.06455
0.0367741
0.041376
0.0767419
0.233125
-1.16742
0.105888
0.087396
0.529271
-1.05382
-0.101202
-0.115092
0.9403
0.305225
-0.00456004
0.013848
0.0
0.0
0.0
0.0
0.0
0.0
0.0
0.0
0.0
0.0
0.0
0.0
0.0
0.0
0.0
0.0
1.06667
0.0
0.0337899
1.30087
0.085862
0.015298
0.019984
-0.061318
-0.266959
1.06609
0.068988
0.04291
0.092082
0.233125
-1.66443
0.127364
0.102736
0.529271
-0.322099
-0.11194
-0.130432
0.9403
0.305225
-0.00609404
0.0184499
0.0
0.0
0.0
0.0
0.0
0.0
0.0
0.0
0.0
0.0
0.0
0.0
0.0
0.0
0.0
0.0
1.46667
0.0
0.0261199
1.29167
0.0904641
0.022968
0.015382
-0.049046
-0.266959
1.06609
-0.012314
0.041376
0.075208
0.233125
-1.25946
0.105888
0.0827941
0.529271
-1.52936
-0.10427
-0.115092
0.9403
0.305225
-0.00456004
0.013848
0.0
0.0
0.0
0.0
0.0
0.0
0.0
0.0
0.0
0.0
0.0
0.0
0.0
0.0
0.0
0.0
1.8
0.0
0.0353239
1.29167
0.0904641
0.021434
0.019984
-0.0643861
-0.266959
1.08756
0.113474
0.0444441
0.0890139
0.233125
-1.77334
0.128898
0.101202
0.529271
-0.616627
-0.11194
-0.12583
0.9403
0.305225
-0.00609404
0.0184499
0.0
0.0
0.0
0.0
0.0
0.0
0.0
0.0
0.0
0.0
0.0
0.0
0.0
0.0
0.0
0.0
2.13333
0.0
0.0353239
1.29167
0.078192
0.021434
0.019984
-0.0643861
-0.266959
1.08756
0.084328
0.04291
0.090548
0.228525
-1.27633
0.128898
0.0981341
0.529271
-1.54009
-0.115008
-0.127364
0.9403
0.305225
-0.00609404
0.0184499
0.0
0.0
0.0
0.0
0.0
0.0
0.0
0.0
0.0
0.0
0.0
0.0
0.0
0.0
0.0
0.0
2.53333
0.0
0.0352385
1.27019
0.0720561
0.016832
0.0199624
-0.0646201
-0.250085
1.12438
-0.135034
0.0444291
0.0918186
0.226991
-1.66597
0.126908
0.100924
0.547679
-0.58748
-0.112009
-0.127495
0.952573
0.170232
-0.00609626
0.0184284
0.0
0.0
0.0
0.0
0.0
0.0
0.0
0.0
0.0
0.0
0.0
0.0
0.0
0.0
0.0
0.0
3.33333
0.0
0.0445279
1.29167
1.32227
0.0199001
0.0245859
-0.078192
-0.266959
0.271475
0.0551821
0.05058
0.107422
0.226991
-0.385075
0.14884
0.116542
0.529271
-0.662646
-0.121144
-0.14117
0.9403
0.305225
-0.00762803
0.023052
0.0
0.0
0.0
0.0
0.0
0.0
0.0
0.0
0.0
0.0
0.0
0.0
0.0
0.0
0.0
0.0
