0.0
0.0
0.0
0.0
0.0
0.0
0.0
0.0
0.0
0.0
0.0
0.0
0.0
0.0
0.0
0.0
0.0
0.034899998
-0.03489995
0.0
0.0
0.0
0.0
0.0
0.0
0.0
0.0
0.0
0.0
0.0
0.0
0.0
0.0
0.0
0.0
0.0
0.0
0.0
0.0
0.0
0.0
1.64
-0.366584
-0.366584
1.61995
1.65975
-0.0107799
-0.0106959
-0.0536479
-0.188724
0.223922
-0.116626
-0.602905
-0.608956
1.18267
-1.25179
2.11255
2.11255
0.27923
-0.361981
-1.1863
-1.18429
0.10427
0.0367741
-0.0367741
0.075208
0.0
0.0
0.0
0.0
0.0
0.0
0.0
0.0
0.0
0.0
0.0
0.0
0.0
0.0
0.0
0.0
3.12
-0.253067
-0.253067
1.61688
0.562937
-0.0107799
0.366667
0.460242
-0.182588
0.345107
-0.116626
-0.472515
-1.39283
1.18114
-0.834538
1.2073
2.11228
0.297638
-0.0398422
-1.07836
-1.18944
0.10427
0.812978
0.142704
0.066004
0.0
0.0
0.0
0.0
0.0
0.0
0.0
0.0
0.0
0.0
0.0
0.0
0.0
0.0
0.0
0.0
4.28
-0.340507
-0.340507
0.319114
0.167164
-0.0138481
0.312978
-0.0843279
0.022968
0.00762796
-0.115092
-1.57699
-1.57384
1.15659
-0.668866
2.06481
2.06319
0.204064
-0.0398422
-1.1863
-1.18944
-1.1352
0.584411
-0.0444441
-0.05058
0.0
0.0
0.0
0.0
0.0
0.0
0.0
0.0
0.0
0.0
0.0
0.0
0.0
0.0
0.0
0.0
5.92
-0.0551819
-0.0551819
0.0414601
-0.0153821
-0.00464392
-0.136484
-0.021434
0.022968
0.0106959
-0.115092
-0.403483
-0.400331
1.21182
-0.668866
0.513931
0.501576
0.231675
-0.0536479
-1.1863
-1.18944
-1.13367
0.584411
0.0291878
-0.049046
0.0
0.0
0.0
0.0
0.0
0.0
0.0
0.0
0.0
0.0
0.0
0.0
0.0
0.0
0.0
0.0
6.76
-0.0551819
-0.0551819
0.605971
0.745483
0.0413762
-0.136484
-0.021434
-0.70108
0.734743
-0.11816
-0.40962
-0.400331
0.990921
-0.983336
0.520068
0.506179
1.35763
-1.44345
-1.18574
-1.18944
-1.06617
1.51862
0.0291878
-0.049046
0.0
0.0
0.0
0.0
0.0
0.0
0.0
0.0
0.0
0.0
0.0
0.0
0.0
0.0
0.0
0.0
7.52
-0.0551819
-0.0551819
0.0414601
-0.0153821
-0.00464392
-0.136484
-0.021434
0.022968
0.0106959
-0.115092
-0.403483
-0.400331
1.21182
-0.668866
0.513931
0.501576
0.231675
-0.0536479
-1.1863
-1.18944
-1.13367
0.584411
0.0291878
-0.049046
0.0
0.0
0.0
0.0
0.0
0.0
0.0
0.0
0.0
0.0
0.0
0.0
0.0
0.0
0.0
0.0
8.2
-0.0551819
-0.0551819
0.605971
0.745483
0.0413762
-0.136484
-0.021434
-0.70108
0.734743
-0.11816
-0.40962
-0.400331
0.990921
-0.983336
0.520068
0.506179
1.35763
-1.44345
-1.18574
-1.18944
-1.06617
1.51862
0.0291878
-0.049046
0.0
0.0
0.0
0.0
0.0
0.0
0.0
0.0
0.0
0.0
0.0
0.0
0.0
0.0
0.0
0.0
8.96
-0.0551819
-0.0551819
0.0414601
-0.0153821
-0.00464392
-0.136484
-0.021434
0.022968
0.0106959
-0.115092
-0.403483
-0.400331
1.21182
-0.668866
0.513931
0.501576
0.231675
-0.0536479
-1.1863
-1.18944
-1.13367
0.584411
0.0291878
-0.049046
0.0
0.0
0.0
0.0
0.0
0.0
0.0
0.0
0.0
0.0
0.0
0.0
0.0
0.0
0.0
0.0
9.76
-0.0551819
-0.0551819
0.605971
0.745483
0.0413762
-0.136484
-0.021434
-0.70108
0.734743
-0.11816
-0.40962
-0.400331
0.990921
-0.983336
0.520068
0.506179
1.35763
-1.44345
-1.18574
-1.18944
-1.06617
1.51862
0.0291878
-0.049046
0.0
0.0
0.0
0.0
0.0
0.0
0.0
0.0
0.0
0.0
0.0
0.0
0.0
0.0
0.0
0.0
10.52
-0.0551819
-0.0551819
0.0414601
-0.0153821
-0.00464392
-0.136484
-0.021434
0.022968
0.0106959
-0.115092
-0.403483
-0.400331
1.21182
-0.668866
0.513931
0.501576
0.231675
-0.0536479
-1.1863
-1.18944
-1.13367
0.584411
0.0291878
-0.049046
0.0
0.0
0.0
0.0
0.0
0.0
0.0
0.0
0.0
0.0
0.0
0.0
0.0
0.0
0.0
0.0
11.36
-0.0551819
-0.0551819
0.605971
0.745483
0.0413762
-0.136484
-0.021434
-0.70108
0.734743
-0.11816
-0.40962
-0.400331
0.990921
-0.983336
0.520068
0.506179
1.35763
-1.44345
-1.18574
-1.18944
-1.06617
1.51862
0.0291878
-0.049046
0.0
0.0
0.0
0.0
0.0
0.0
0.0
0.0
0.0
0.0
0.0
0.0
0.0
0.0
0.0
0.0
12.12
-0.0551819
-0.0551819
0.0414601
-0.0153821
-0.00464392
-0.136484
-0.021434
0.022968
0.0106959
-0.115092
-0.403483
-0.400331
1.21182
-0.668866
0.513931
0.501576
0.231675
-0.0536479
-1.1863
-1.18944
-1.13367
0.584411
0.0291878
-0.049046
0.0
0.0
0.0
0.0
0.0
0.0
0.0
0.0
0.0
0.0
0.0
0.0
0.0
0.0
0.0
0.0
13.64
-0.493905
-0.493905
0.365133
0.378855
-0.0261199
0.265424
-0.303691
0.0152981
0.0152981
-0.601371
-1.49723
-1.47106
1.15813
-1.22571
2.11255
2.11228
0.038392
-0.0352399
-1.1863
-1.18944
-1.13827
1.10904
0.00464392
-0.00455999
0.0
0.0
0.0
0.0
0.0
0.0
0.0
0.0
0.0
0.0
0.0
0.0
0.0
0.0
0.0
0.0
14.64
-0.673385
-0.673385
1.29627
0.259204
-0.0276539
0.280764
-0.185572
-0.377407
-0.0414601
-0.535408
-1.65369
-1.38516
1.18574
-1.23951
1.6
2.11255
0.0583338
-0.0643861
-0.228525
-1.18944
-1.14441
0.983252
0.207132
0.066004
0.0
0.0
0.0
0.0
0.0
0.0
0.0
0.0
0.0
0.0
0.0
0.0
0.0
0.0
0.0
0.0
15.64
-0.739346
-0.739346
1.29934
0.386526
-0.0276539
0.29457
-0.345107
-0.397349
-4.19617e-05
-0.536942
-1.63989
-1.26704
1.18574
-1.23798
0.598302
2.11255
0.0567998
-0.049046
0.713353
-1.18944
-1.14441
1.017
0.093616
0.0429941
0.0
0.0
0.0
0.0
0.0
0.0
0.0
0.0
0.0
0.0
0.0
0.0
0.0
0.0
0.0
0.0
16.64
-0.601285
-0.601285
1.30087
1.25017
-0.0353239
0.288435
-0.151824
-0.343659
0.289883
-0.544613
-1.26559
-0.990921
1.18114
-1.23951
0.2102
1.82849
0.06447
-0.052114
0.823801
-1.01095
-1.13827
0.960242
-0.115008
-0.05825
0.0
0.0
0.0
0.0
0.0
0.0
0.0
0.0
0.0
0.0
0.0
0.0
0.0
0.0
0.0
0.0
17.64
-0.530721
-0.530721
1.30701
1.28238
-0.019984
-0.216252
0.167248
-0.296104
0.268407
-0.437231
-1.24718
-0.766959
1.17807
-1.23951
1.97891
2.11255
0.0598679
-0.0429101
-0.506179
-1.17355
-1.12293
0.94797
0.231675
-0.061318
0.0
0.0
0.0
0.0
0.0
0.0
0.0
0.0
0.0
0.0
0.0
0.0
0.0
0.0
0.0
0.0
18.64
-0.473963
-0.473963
1.1398
1.15353
-0.00617791
-0.0413762
-0.0413762
-0.204064
0.260738
-0.270025
-0.658129
-0.631966
1.18881
-1.23491
2.11255
2.11075
0.0349066
-0.0352399
-1.18421
-1.18944
-0.857548
0.710201
-0.0137641
0.066004
0.0
0.0
0.0
0.0
0.0
0.0
0.0
0.0
0.0
0.0
0.0
0.0
0.0
0.0
0.0
0.0
19.72
-0.481634
-0.481634
1.17202
1.17193
-0.019984
-0.021434
-0.0152981
-0.181053
0.225456
-0.222472
-0.619779
-0.581345
1.17654
-1.21037
1.61995
1.66895
0.0429941
-0.0444441
-0.776162
-0.895898
-0.840674
0.693327
0.0614019
0.067538
0.0
0.0
0.0
0.0
0.0
0.0
0.0
0.0
0.0
0.0
0.0
0.0
0.0
0.0
0.0
0.0
21.36
-0.1733
-0.1733
1.47728
1.48947
-0.0123138
-0.061318
0.112024
-0.101286
0.128814
-0.230143
0.133416
0.1335
1.16887
-1.21344
-0.0889301
-0.0874801
0.411154
-0.389594
0.10282
0.0981341
0.0720561
0.147222
0.07214
-0.115008
0.0
0.0
0.0
0.0
0.0
0.0
0.0
0.0
0.0
0.0
0.0
0.0
0.0
0.0
0.0
0.0
